Runs: 30
Seed range: 1..30
Max iterations: 25
Population: 10

PSO stats:
  min: 89.000000
  max: 89.000000
  mean: 89.000000
  median: 89.000000
  stdev: 0.000000

SHOA stats:
  min: 89.000000
  max: 95.000000
  mean: 89.400000
  median: 89.000000
  stdev: 1.280625

Wins:
  PSO: 3
  SHOA: 0
  Ties: 27
